# name: debug
# type: sparse matrix
# nnz: 3060
# rows: 174
# columns: 174

1 1 2.84796149e-14
2 1 2.93938811e-46
3 1 -1.70832224e-54
4 1 -3.78653235e-29
5 1 -1.24587536e-05
6 1 9.20988488e-15
7 1 -8.87896874e-31
8 1 -7.09966356e-34
9 1 -7.09957357e-34
10 1 0
11 1 0
12 1 0
1 2 2.93938811e-46
2 2 2.84796149e-14
3 2 -1.34399971e-46
4 2 1.24587536e-05
5 2 -2.37887218e-19
6 2 -0.00157156999
7 2 7.09966356e-34
8 2 -8.87897158e-31
9 2 2.83833556e-37
10 2 0
11 2 0
12 2 0
1 3 -1.70832224e-54
2 3 -1.34399971e-46
3 3 2.84796149e-14
4 3 -9.20988677e-15
5 3 0.00157156999
6 3 2.37890527e-19
7 3 7.09957357e-34
8 3 2.83851376e-37
9 3 -8.87897158e-31
10 3 0
11 3 0
12 3 0
1 4 -3.78653235e-29
2 4 1.24587536e-05
3 4 -9.20988677e-15
4 4 1.74818096e+20
5 4 -1.63014116e+13
6 4 -2.20518748e+22
7 4 9.96206931e-09
8 4 -1.24587496e-05
9 4 3.99189095e-12
10 4 -8.87896874e-31
11 4 -7.09970176e-34
12 4 -7.09953536e-34
1 5 -1.24587536e-05
2 5 -2.37887218e-19
3 5 0.00157156999
4 5 -1.63014116e+13
5 5 2.78183868e+24
6 5 -1.28809726e+11
7 5 1.37153633e-05
8 5 1.04644835e-08
9 5 -0.00157155952
10 5 7.09962536e-34
11 5 -4.43954208e-31
12 5 -4.43948295e-31
1 6 9.20988488e-15
2 6 -0.00157156999
3 6 2.37890527e-19
4 6 -2.20518748e+22
5 6 -1.28809726e+11
6 6 2.78166386e+24
7 6 -1.25663367e-06
8 6 0.00157156949
9 6 -5.0238269e-10
10 6 7.09961177e-34
11 6 -4.43948295e-31
12 6 -4.4394295e-31
1 7 -8.87896874e-31
2 7 7.09966356e-34
3 7 7.09957357e-34
4 7 9.96206931e-09
5 7 1.37153633e-05
6 7 -1.25663367e-06
7 7 2.8479615e-14
8 7 -3.50581201e-46
9 7 3.67831665e-46
10 7 3.17637355e-22
11 7 124.426847
12 7 -0.0958323241
13 7 -1.26041951e-22
14 7 1.00783715e-25
15 7 1.00782437e-25
16 7 0
17 7 0
18 7 0
1 8 -7.09966356e-34
2 8 -8.87897158e-31
3 8 2.83851376e-37
4 8 -1.24587496e-05
5 8 1.04644835e-08
6 8 0.00157156949
7 8 -3.50581201e-46
8 8 2.8479615e-14
9 8 -1.90788245e-38
10 8 -124.426847
11 8 1.81341487e-14
12 8 119.799945
13 8 -1.00783715e-25
14 8 -1.26041991e-22
15 8 4.0293901e-29
16 8 0
17 8 0
18 8 0
1 9 -7.09957357e-34
2 9 2.83833556e-37
3 9 -8.87897158e-31
4 9 3.99189095e-12
5 9 -0.00157155952
6 9 -5.0238269e-10
7 9 3.67831665e-46
8 9 -1.90788245e-38
9 9 2.8479615e-14
10 9 0.0958323241
11 9 -119.799945
12 9 -1.81343655e-14
13 9 -1.00782437e-25
14 9 4.02921663e-29
15 9 -1.26041991e-22
16 9 0
17 9 0
18 9 0
1 10 0
2 10 0
3 10 0
4 10 -8.87896874e-31
5 10 7.09962536e-34
6 10 7.09961177e-34
7 10 3.17637355e-22
8 10 -124.426847
9 10 0.0958323241
10 10 1.22832434e+26
11 10 -9.10863388e+22
12 10 -1.18264751e+26
13 10 0.0994155799
14 10 124.426807
15 10 -0.095872071
16 10 -1.26041951e-22
17 10 1.00783173e-25
18 10 1.00782979e-25
1 11 0
2 11 0
3 11 0
4 11 -7.09970176e-34
5 11 -4.43954208e-31
6 11 -4.43948295e-31
7 11 124.426847
8 11 1.81341487e-14
9 11 -119.799945
10 11 -9.10863388e+22
11 11 2.36699352e+26
12 11 -9.46042664e+22
13 11 -124.330976
14 11 0.0994539101
15 11 119.899398
16 11 -1.00784257e-25
17 11 -6.30217947e-23
18 11 -6.30209554e-23
1 12 0
2 12 0
3 12 0
4 12 -7.09953536e-34
5 12 -4.43948295e-31
6 12 -4.4394295e-31
7 12 -0.0958323241
8 12 119.799945
9 12 -1.81343655e-14
10 12 -1.18264751e+26
11 12 -9.46042664e+22
12 12 1.13867064e+26
13 12 3.97452008e-05
14 12 -119.799984
15 12 -3.83285477e-05
16 12 -1.00781895e-25
17 12 -6.30209554e-23
18 12 -6.30201967e-23
7 13 -1.26041951e-22
8 13 -1.00783715e-25
9 13 -1.00782437e-25
10 13 0.0994155799
11 13 -124.330976
12 13 3.97452008e-05
13 13 2.84796151e-14
14 13 -4.59182736e-41
15 13 -1.7182722e-41
16 13 5.29395592e-22
17 13 128.996433
18 13 9.72007178e-13
19 13 -1.30804316e-22
20 13 4.33238581e-38
21 13 4.33159521e-38
22 13 0
23 13 0
24 13 0
7 14 1.00783715e-25
8 14 -1.26041991e-22
9 14 4.02921663e-29
10 14 124.426807
11 14 0.0994539101
12 14 -119.799984
13 14 -4.59182736e-41
14 14 2.84796151e-14
15 14 -3.88787008e-38
16 14 -128.996433
17 14 1.81343655e-14
18 14 119.799981
19 14 -4.3323857e-38
20 14 -1.30804316e-22
21 14 1.03064538e-37
22 14 0
23 14 0
24 14 0
7 15 1.00782437e-25
8 15 4.0293901e-29
9 15 -1.26041991e-22
10 15 -0.095872071
11 15 119.899398
12 15 -3.83285477e-05
13 15 -1.7182722e-41
14 15 -3.88787008e-38
15 15 2.84796151e-14
16 15 -9.52480716e-13
17 15 -119.799981
18 15 -1.81343655e-14
19 15 -4.33159525e-38
20 15 -6.34644263e-38
21 15 -1.30804316e-22
22 15 0
23 15 0
24 15 0
7 16 0
8 16 0
9 16 0
10 16 -1.26041951e-22
11 16 -1.00784257e-25
12 16 -1.00781895e-25
13 16 5.29395592e-22
14 16 -128.996433
15 16 -9.52480716e-13
16 16 1.27213538e+26
17 16 8.72350482e+11
18 16 -1.18144193e+26
19 16 4.27250663e-14
20 16 128.996433
21 16 8.7036693e-13
22 16 -1.30804316e-22
23 16 -5.62788775e-31
24 16 5.62795997e-31
7 17 0
8 17 0
9 17 0
10 17 1.00783173e-25
11 17 -6.30217947e-23
12 17 -6.30209554e-23
13 17 128.996433
14 17 1.81343655e-14
15 17 -119.799981
16 17 8.72350482e+11
17 17 2.3693496e+26
18 17 9.75181709e+11
19 17 -128.996433
20 17 1.00850535e-13
21 17 119.799981
22 17 -5.62788862e-31
23 17 -6.5402987e-23
24 17 -6.54021578e-23
7 18 0
8 18 0
9 18 0
10 18 1.00782979e-25
11 18 -6.30209554e-23
12 18 -6.30201967e-23
13 18 9.72007178e-13
14 18 119.799981
15 18 -1.81343655e-14
16 18 -1.18144193e+26
17 18 9.75181709e+11
18 18 1.09721422e+26
19 18 -1.01168628e-12
20 18 -119.799981
21 18 9.43938937e-14
22 18 5.62795911e-31
23 18 -6.54021578e-23
24 18 -6.54013286e-23
13 19 -1.30804316e-22
14 19 -4.3323857e-38
15 19 -4.33159525e-38
16 19 4.27250663e-14
17 19 -128.996433
18 19 -1.01168628e-12
19 19 2.84796152e-14
20 19 -1.05097385e-45
21 19 5.42143594e-46
22 19 2.11758237e-22
23 19 134.148223
24 19 9.67036461e-13
25 19 -1.3605957e-22
26 19 3.63304143e-42
27 19 -3.63387693e-42
28 19 0
29 19 0
30 19 0
13 20 4.33238581e-38
14 20 -1.30804316e-22
15 20 -6.34644263e-38
16 20 128.996433
17 20 1.00850535e-13
18 20 -119.799981
19 20 -1.05097385e-45
20 20 2.84796152e-14
21 20 -4.03950627e-38
22 20 -134.148223
23 20 1.81341487e-14
24 20 119.799958
25 20 -3.63234078e-42
26 20 -1.3605957e-22
27 20 1.07185297e-37
28 20 0
29 20 0
30 20 0
13 21 4.33159521e-38
14 21 1.03064538e-37
15 21 -1.30804316e-22
16 21 8.7036693e-13
17 21 119.799981
18 21 9.43938937e-14
19 21 5.42143594e-46
20 21 -4.03950627e-38
21 21 2.84796152e-14
22 21 -9.46730108e-13
23 21 -119.799958
24 21 -1.81341487e-14
25 21 3.63336399e-42
26 21 -6.59949247e-38
27 21 -1.3605957e-22
28 21 0
29 21 0
30 21 0
13 22 0
14 22 0
15 22 0
16 22 -1.30804316e-22
17 22 -5.62788862e-31
18 22 5.62795911e-31
19 22 2.11758237e-22
20 22 -134.148223
21 22 -9.46730108e-13
22 22 1.32263727e+26
23 22 8.33593016e+11
24 22 -1.18117024e+26
25 22 3.58104354e-18
26 22 134.148223
27 22 8.61356776e-13
28 22 -1.3605957e-22
29 22 -5.8539968e-31
30 22 5.85407102e-31
13 23 0
14 23 0
15 23 0
16 23 -5.62788775e-31
17 23 -6.5402987e-23
18 23 -6.54021578e-23
19 23 134.148223
20 23 1.81341487e-14
21 23 -119.799958
22 23 8.33593016e+11
23 23 2.37747156e+26
24 23 9.69418473e+11
25 23 -134.148223
26 23 5.81117186e-14
27 23 119.799958
28 23 -5.8539968e-31
29 23 -6.80306474e-23
30 23 -6.80297848e-23
13 24 0
14 24 0
15 24 0
16 24 5.62795997e-31
17 24 -6.54021578e-23
18 24 -6.54013286e-23
19 24 9.67036461e-13
20 24 119.799958
21 24 -1.81341487e-14
22 24 -1.18117024e+26
23 24 9.69418473e+11
24 24 1.05483428e+26
25 24 -9.67039659e-13
26 24 -119.799958
27 24 9.43761128e-14
28 24 5.85407102e-31
29 24 -6.80297848e-23
30 24 -6.80289223e-23
19 25 -1.3605957e-22
20 25 -3.63234078e-42
21 25 3.63336399e-42
22 25 3.58104354e-18
23 25 -134.148223
24 25 -9.67039659e-13
25 25 2.84796152e-14
26 25 -8.7581154e-46
27 25 1.00942572e-45
28 25 2.11758237e-22
29 25 139.731177
30 25 9.18712302e-13
31 25 -1.41751812e-22
32 25 3.58417115e-42
33 25 -3.58530134e-42
34 25 0
35 25 0
36 25 0
19 26 3.63304143e-42
20 26 -1.3605957e-22
21 26 -6.59949247e-38
22 26 134.148223
23 26 5.81117186e-14
24 26 -119.799958
25 26 -8.7581154e-46
26 26 2.84796152e-14
27 26 -4.20520477e-38
28 26 -139.731177
29 26 1.81341487e-14
30 26 119.799925
31 26 -3.58329534e-42
32 26 -1.41751812e-22
33 26 1.11650798e-37
34 26 0
35 26 0
36 26 0
19 27 -3.63387693e-42
20 27 1.07185297e-37
21 27 -1.3605957e-22
